100 501
1 1 0.9647670537444801 0.5304872682875252 0.0 
2 0 0.21372500013754492 0.6103034376733476 0.0 
3 1 0.890095816085189 0.5168158402131507 0.0 
4 0 0.31768966185139447 0.3125301270509223 0.0 
5 0 0.762093314455072 0.3904387128063419 0.0 
6 0 0.7048949500259628 0.6747868099753799 0.0 
7 1 0.010470291472445381 0.32916787573863593 0.0 
8 0 0.45016897361557573 0.9982742479679494 0.0 
9 0 0.7402750004073426 0.3811522291710462 0.0 
10 0 0.0038043954709011674 0.13496673489300293 0.0 
11 0 0.3926452322580719 0.8659173798304268 0.0 
12 0 0.8857619999374019 0.5446680394036276 0.0 
13 0 0.2543728347706299 0.7909349980702993 0.0 
14 0 0.37378891383601587 0.15797795445031315 0.0 
15 0 0.6292788854481953 0.24280490371744323 0.0 
16 0 0.19098000143960703 0.6308334125544813 0.0 
17 0 0.5294875640249831 0.7476620984433606 0.0 
18 0 0.965596642943369 0.707192615825756 0.0 
19 0 0.3370472080389848 0.1246182705794292 0.0 
20 0 0.9185596461917664 0.9851186879721819 0.0 
21 0 0.7775019780681924 0.9730007357718921 0.0 
22 0 0.4920036528243886 0.5445852278497191 0.0 
23 0 0.685880482106751 0.8746786445266753 0.0 
24 0 0.3018704352093593 0.23082033812308878 0.0 
25 0 0.6205640478692764 0.4884863985038794 0.0 
26 0 0.8183699385399665 0.1561633927499373 0.0 
27 1 0.6551335372358126 0.015028255388133904 0.0 
28 0 0.08005628689202227 0.3208851836280091 0.0 
29 0 0.9496631514891148 0.9622762811069431 0.0 
30 0 0.8669660378796764 0.12861125098248982 0.0 
31 0 0.802917438705326 0.899413969739487 0.0 
32 0 0.06284081716590584 0.5120284516951779 0.0 
33 0 0.955688251889577 0.8982771362668859 0.0 
34 0 0.1519785710380993 0.21573221898597683 0.0 
35 0 0.33553065214177014 0.10310837460307698 0.0 
36 0 0.8475916759622251 0.7456678652221209 0.0 
37 0 0.696922303572797 0.9617678727483613 0.0 
38 0 0.8074877808866324 0.11093394941677137 0.0 
39 0 0.012075455876947472 0.6367059106074575 0.0 
40 0 0.8713366813989487 0.6826662706632743 0.0 
41 0 0.8368310249645112 0.51299889982551 0.0 
42 0 0.7503823505657425 0.018991461267453214 0.0 
43 0 0.018300047929607266 0.32319996697586095 0.0 
44 0 0.02456881545617806 0.3673100985008686 0.0 
45 0 0.6753400882088327 0.2768962872293491 0.0 
46 0 0.5768055112883105 0.2638879244695085 0.0 
47 0 0.651230160146879 0.8758613090095136 0.0 
48 0 0.570022244756831 0.3240299643905248 0.0 
49 0 0.8288403011541832 0.10135316711275233 0.0 
50 1 0.7039176773056439 0.99629895130744 0.0 
51 0 0.8028898351031796 0.5863274901259101 0.0 
52 0 0.1700178003718067 0.6595366463695093 0.0 
53 0 0.9606796591960959 0.08196471566052144 0.0 
54 0 0.976781293322989 0.072225939009536 0.0 
55 0 0.48980018296784034 0.25369799799044757 0.0 
56 1 0.7688666430416914 0.05866867625535488 0.0 
57 0 0.6851892817982991 0.9030896171575084 0.0 
58 0 0.718339456338852 0.04628679040695716 0.0 
59 1 0.7935395749219145 0.8363744574115164 0.0 
60 0 0.8896065118525843 0.09183879621810098 0.0 
61 0 0.7172650490667735 0.8542361579887647 0.0 
62 0 0.06682911767174082 0.08226111281824244 0.0 
63 0 0.2733867140963142 0.5104164589588791 0.0 
64 0 0.6041354557982994 0.17310316542096127 0.0 
65 0 0.2466083759562645 0.2395169776512085 0.0 
66 0 0.913407875760351 0.4460300031733869 0.0 
67 0 0.31725988216009304 0.9763448016724718 0.0 
68 0 0.19051939414474184 0.7074940346500006 0.0 
69 0 0.26302693205448513 0.697880981635352 0.0 
70 0 0.7730430533193646 0.14000848854344183 0.0 
71 0 0.02587412638949438 0.9534311887195245 0.0 
72 0 0.006017634700614338 0.023330226256867315 0.0 
73 0 0.7983997663722326 0.5619659303000326 0.0 
74 1 0.6524129005031101 0.9497215310897142 0.0 
75 0 0.9336644512678254 0.45466610543617225 0.0 
76 0 0.2040209512015435 0.4607929462232706 0.0 
77 0 0.20691924613353818 0.4231404880175589 0.0 
78 1 0.2670835676232992 0.012133183456629393 0.0 
79 0 0.1054386996376585 0.19032004322287466 0.0 
80 0 0.7332801799511269 0.9742228949209306 0.0 
81 0 0.5495271127915361 0.9304146837206984 0.0 
82 0 0.10273960393587911 0.32505206462998737 0.0 
83 0 0.1249409678339718 0.8429479225725771 0.0 
84 0 0.7497556120138461 0.6166149358585505 0.0 
85 0 0.6533306514866681 0.7997041700250017 0.0 
86 0 0.007802401121319913 0.22846184331185404 0.0 
87 1 0.12540972444147402 0.8803848975022935 0.0 
88 0 0.7564385409979374 0.07159349651814573 0.0 
89 0 0.6838488245289467 0.0971334702333655 0.0 
90 0 0.9598429387757575 0.7427997048521374 0.0 
91 0 0.5881382252720638 0.8836493344774681 0.0 
92 0 0.48917915851829175 0.9022079418276617 0.0 
93 0 0.06826243205149185 0.08805790437800831 0.0 
94 0 0.9082016176728519 0.6796791955500319 0.0 
95 1 0.7273378284578176 0.37818067035370084 0.0 
96 0 0.28787961109969795 0.3103407749495791 0.0 
97 0 0.7812932555086893 0.6435414931607119 0.0 
98 0 0.4469442413632113 0.08944324768185596 0.0 
99 0 0.4281038043407307 0.4144665657104337 0.0 
100 0 0.6195278800652152 0.580560134281508 0.0 

1-3 1 0
1-12 1 0
1-18 1 0
1-40 1 0
1-41 1 0
1-51 1 0
1-66 1 0
1-73 1 0
1-75 1 0
1-94 1 0
2-13 1 0
2-16 1 0
2-32 1 0
2-52 1 0
2-63 1 0
2-68 1 0
2-69 1 0
2-76 1 0
2-77 1 0
3-5 1 0
3-12 1 0
3-40 1 0
3-41 1 0
3-51 1 0
3-66 1 0
3-73 1 0
3-75 1 0
3-84 1 0
3-94 1 0
3-97 1 0
4-14 1 0
4-19 1 0
4-24 1 0
4-34 1 0
4-55 1 0
4-65 1 0
4-76 1 0
4-77 1 0
4-96 1 0
4-99 1 0
5-9 1 0
5-12 1 0
5-15 1 0
5-25 1 0
5-41 1 0
5-45 1 0
5-66 1 0
5-73 1 0
5-75 1 0
5-95 1 0
6-17 1 0
6-36 1 0
6-40 1 0
6-51 1 0
6-59 1 0
6-61 1 0
6-73 1 0
6-84 1 0
6-85 1 0
6-97 1 0
6-100 1 0
7-10 1 0
7-28 1 0
7-32 1 0
7-34 1 0
7-43 1 0
7-44 1 0
7-79 1 0
7-82 1 0
7-86 1 0
8-11 1 0
8-67 1 0
8-81 1 0
8-91 1 0
8-92 1 0
9-15 1 0
9-25 1 0
9-41 1 0
9-45 1 0
9-48 1 0
9-66 1 0
9-73 1 0
9-95 1 0
10-34 1 0
10-43 1 0
10-62 1 0
10-72 1 0
10-79 1 0
10-86 1 0
10-93 1 0
11-13 1 0
11-17 1 0
11-67 1 0
11-81 1 0
11-91 1 0
11-92 1 0
12-18 1 0
12-40 1 0
12-41 1 0
12-51 1 0
12-66 1 0
12-73 1 0
12-75 1 0
12-84 1 0
12-94 1 0
12-97 1 0
13-16 1 0
13-52 1 0
13-67 1 0
13-68 1 0
13-69 1 0
13-83 1 0
13-87 1 0
14-19 1 0
14-24 1 0
14-35 1 0
14-55 1 0
14-65 1 0
14-78 1 0
14-96 1 0
14-98 1 0
15-45 1 0
15-46 1 0
15-48 1 0
15-55 1 0
15-64 1 0
15-70 1 0
15-89 1 0
15-95 1 0
16-32 1 0
16-39 1 0
16-52 1 0
16-63 1 0
16-68 1 0
16-69 1 0
16-76 1 0
17-47 1 0
17-81 1 0
17-85 1 0
17-91 1 0
17-92 1 0
17-100 1 0
18-33 1 0
18-36 1 0
18-40 1 0
18-90 1 0
18-94 1 0
18-97 1 0
19-24 1 0
19-35 1 0
19-55 1 0
19-65 1 0
19-78 1 0
19-96 1 0
19-98 1 0
20-21 1 0
20-29 1 0
20-31 1 0
20-33 1 0
20-59 1 0
20-80 1 0
21-23 1 0
21-29 1 0
21-31 1 0
21-33 1 0
21-37 1 0
21-47 1 0
21-50 1 0
21-57 1 0
21-59 1 0
21-61 1 0
21-74 1 0
21-80 1 0
22-25 1 0
22-99 1 0
22-100 1 0
23-31 1 0
23-37 1 0
23-47 1 0
23-50 1 0
23-57 1 0
23-59 1 0
23-61 1 0
23-74 1 0
23-80 1 0
23-81 1 0
23-85 1 0
23-91 1 0
23-92 1 0
24-34 1 0
24-35 1 0
24-55 1 0
24-65 1 0
24-96 1 0
25-48 1 0
25-73 1 0
25-84 1 0
25-95 1 0
25-100 1 0
26-30 1 0
26-38 1 0
26-42 1 0
26-45 1 0
26-49 1 0
26-53 1 0
26-54 1 0
26-56 1 0
26-58 1 0
26-60 1 0
26-70 1 0
26-88 1 0
26-89 1 0
27-38 1 0
27-42 1 0
27-49 1 0
27-56 1 0
27-58 1 0
27-64 1 0
27-70 1 0
27-88 1 0
27-89 1 0
28-32 1 0
28-34 1 0
28-43 1 0
28-44 1 0
28-65 1 0
28-76 1 0
28-77 1 0
28-79 1 0
28-82 1 0
28-86 1 0
29-31 1 0
29-33 1 0
30-38 1 0
30-42 1 0
30-49 1 0
30-53 1 0
30-54 1 0
30-56 1 0
30-58 1 0
30-60 1 0
30-70 1 0
30-88 1 0
30-89 1 0
31-33 1 0
31-36 1 0
31-37 1 0
31-47 1 0
31-50 1 0
31-57 1 0
31-59 1 0
31-61 1 0
31-74 1 0
31-80 1 0
31-85 1 0
32-39 1 0
32-43 1 0
32-44 1 0
32-52 1 0
32-76 1 0
32-77 1 0
32-82 1 0
33-36 1 0
33-59 1 0
33-90 1 0
34-43 1 0
34-44 1 0
34-62 1 0
34-65 1 0
34-79 1 0
34-82 1 0
34-86 1 0
34-93 1 0
34-96 1 0
35-65 1 0
35-78 1 0
35-98 1 0
36-40 1 0
36-51 1 0
36-59 1 0
36-61 1 0
36-73 1 0
36-84 1 0
36-90 1 0
36-94 1 0
36-97 1 0
37-47 1 0
37-50 1 0
37-57 1 0
37-59 1 0
37-61 1 0
37-74 1 0
37-80 1 0
37-81 1 0
37-85 1 0
37-91 1 0
38-42 1 0
38-49 1 0
38-53 1 0
38-54 1 0
38-56 1 0
38-58 1 0
38-60 1 0
38-70 1 0
38-88 1 0
38-89 1 0
39-52 1 0
39-68 1 0
40-41 1 0
40-51 1 0
40-59 1 0
40-73 1 0
40-84 1 0
40-90 1 0
40-94 1 0
40-97 1 0
41-51 1 0
41-66 1 0
41-73 1 0
41-75 1 0
41-84 1 0
41-94 1 0
41-95 1 0
41-97 1 0
42-49 1 0
42-56 1 0
42-58 1 0
42-60 1 0
42-70 1 0
42-88 1 0
42-89 1 0
43-44 1 0
43-79 1 0
43-82 1 0
43-86 1 0
44-77 1 0
44-79 1 0
44-82 1 0
44-86 1 0
45-46 1 0
45-48 1 0
45-55 1 0
45-64 1 0
45-70 1 0
45-89 1 0
45-95 1 0
46-48 1 0
46-55 1 0
46-64 1 0
46-89 1 0
46-95 1 0
47-50 1 0
47-57 1 0
47-59 1 0
47-61 1 0
47-74 1 0
47-80 1 0
47-81 1 0
47-85 1 0
47-91 1 0
47-92 1 0
48-55 1 0
48-64 1 0
48-95 1 0
48-99 1 0
49-53 1 0
49-54 1 0
49-56 1 0
49-58 1 0
49-60 1 0
49-70 1 0
49-88 1 0
49-89 1 0
50-57 1 0
50-59 1 0
50-61 1 0
50-74 1 0
50-80 1 0
50-81 1 0
50-91 1 0
51-66 1 0
51-73 1 0
51-75 1 0
51-84 1 0
51-94 1 0
51-97 1 0
51-100 1 0
52-63 1 0
52-68 1 0
52-69 1 0
52-83 1 0
53-54 1 0
53-56 1 0
53-60 1 0
53-70 1 0
54-60 1 0
55-64 1 0
55-98 1 0
55-99 1 0
56-58 1 0
56-60 1 0
56-70 1 0
56-88 1 0
56-89 1 0
57-59 1 0
57-61 1 0
57-74 1 0
57-80 1 0
57-81 1 0
57-85 1 0
57-91 1 0
57-92 1 0
58-60 1 0
58-64 1 0
58-70 1 0
58-88 1 0
58-89 1 0
59-61 1 0
59-74 1 0
59-80 1 0
59-85 1 0
59-90 1 0
59-94 1 0
59-97 1 0
60-70 1 0
60-88 1 0
61-74 1 0
61-80 1 0
61-81 1 0
61-85 1 0
61-91 1 0
62-72 1 0
62-79 1 0
62-86 1 0
62-93 1 0
63-69 1 0
63-76 1 0
63-77 1 0
63-99 1 0
64-70 1 0
64-88 1 0
64-89 1 0
64-98 1 0
65-77 1 0
65-79 1 0
65-82 1 0
65-96 1 0
66-73 1 0
66-75 1 0
66-95 1 0
67-92 1 0
68-69 1 0
68-83 1 0
68-87 1 0
70-88 1 0
70-89 1 0
71-83 1 0
71-87 1 0
72-79 1 0
72-93 1 0
73-75 1 0
73-84 1 0
73-94 1 0
73-95 1 0
73-97 1 0
73-100 1 0
74-80 1 0
74-81 1 0
74-85 1 0
74-91 1 0
74-92 1 0
76-77 1 0
76-82 1 0
76-96 1 0
77-82 1 0
77-96 1 0
78-98 1 0
79-82 1 0
79-86 1 0
79-93 1 0
80-81 1 0
80-85 1 0
80-91 1 0
81-85 1 0
81-91 1 0
81-92 1 0
82-86 1 0
82-96 1 0
83-87 1 0
84-94 1 0
84-97 1 0
84-100 1 0
85-91 1 0
85-92 1 0
86-93 1 0
88-89 1 0
90-94 1 0
91-92 1 0
94-97 1 0
96-99 1 0
97-100 1 0
